3.439328670501709
3.3526313304901123
4.014318466186523
4.772701263427734
3.7793750762939453
4.0298871994018555
4.732607364654541
3.915705442428589
3.7029831409454346
3.274075984954834
3.2959108352661133
3.697347640991211
3.514324188232422
4.2322516441345215
4.57888650894165
4.808931350708008
4.035786151885986
3.789891481399536
4.038464546203613
4.822690486907959
4.515924453735352
4.881969928741455
3.0972204208374023
2.617435932159424
2.967902660369873
2.0748448371887207
3.166654109954834
3.412724018096924
3.9583563804626465
3.3264710903167725
4.040118217468262
4.116242408752441
2.4995062351226807
3.029158592224121
3.810607671737671
4.024224281311035
2.724022150039673
3.707131862640381
3.2108728885650635
3.494915008544922
4.187796115875244
4.065841197967529
3.5920701026916504
4.857226848602295
3.6431164741516113
3.7597837448120117
3.721118927001953
3.6676528453826904
4.017716884613037
4.337406158447266
4.258065700531006
4.844637393951416
3.2372634410858154
3.4409890174865723
3.9049458503723145
2.358647584915161
3.7309176921844482
3.487125873565674
1.9643454551696777
4.111595630645752
4.561318397521973
3.691094398498535
3.276564359664917
3.8860175609588623
4.187008380889893
4.308958053588867
3.277374267578125
4.450803279876709
4.286970615386963
3.618516206741333
3.180065631866455
3.711944580078125
4.155364513397217
3.903493642807007
4.077707767486572
3.4758191108703613
3.108876943588257
1.824744701385498
3.4254441261291504
2.21728515625
2.98699688911438
3.6366400718688965
3.6140332221984863
3.960723400115967
3.699880599975586
4.314711093902588
4.398678302764893
4.175501823425293
3.9853785037994385
3.3203160762786865
4.241421222686768
3.568013906478882
3.307992458343506
3.873957633972168
2.3799357414245605
3.0473735332489014
3.9114017486572266
3.7088794708251953
5.7267961502075195
4.947576999664307
5.153845310211182
5.157793045043945
5.643776893615723
3.8965959548950195
4.896742343902588
3.5619735717773438
3.7281534671783447
4.111253261566162
3.823087692260742
4.019787311553955
3.125473976135254
2.6691246032714844
3.232919216156006
3.151506185531616
3.7965950965881348
4.056981563568115
3.4939284324645996
3.1523923873901367
2.655186653137207
4.325753688812256
3.4708967208862305
2.9376919269561768
2.8435070514678955
2.624232053756714
2.808189630508423
3.7271974086761475
3.2728495597839355
3.2770495414733887
3.193617105484009
3.8677315711975098
3.4274163246154785
2.956613540649414
3.037461280822754
2.851363182067871
3.4193763732910156
3.541804790496826
4.593774318695068
4.243582248687744
4.5325164794921875
3.9627976417541504
4.370511531829834
4.02045202255249
3.971921443939209
4.188803672790527
4.681084156036377
2.553317070007324
4.303369045257568
3.6267201900482178
3.660109281539917
3.4704346656799316
2.9762215614318848
3.389373779296875
3.4122154712677
3.665743350982666
3.923089027404785
3.697535276412964
3.4412834644317627
3.0704314708709717
3.8302865028381348
3.4967758655548096
3.611618995666504
3.6519901752471924
4.364498138427734
3.6633706092834473
4.315847873687744
4.5571393966674805
2.9596383571624756
4.044300079345703
4.191966533660889
4.217250347137451
3.4820973873138428
3.489748001098633
3.852468729019165
3.2487807273864746
2.9196362495422363
3.719481945037842
3.809581756591797
3.1305878162384033
3.3023786544799805
2.898514747619629
3.030381917953491
2.9358885288238525
3.15619158744812
3.2156665325164795
3.7853896617889404
3.0412588119506836
3.179006338119507
3.4646267890930176
4.020261287689209
3.983415126800537
4.382026195526123
4.088886260986328
